-55 -51 -51 -51 -51 -51 -51 -51 -51 -51 -51 -51 -51 -51 -53 -51 -51 -51 -51 -51 -51 -51 -51 -51 -51 -51 -51 -51 -69 10
-70 32 32 32 32 32 32 32 32 32 32 32 32 32 -70 32 32 32 32 32 32 32 32 32 32 32 32 32 -70 10
-70 32 32 32 32 32 32 32 32 32 32 32 32 32 -70 32 32 32 32 32 32 32 32 32 32 32 32 32 -70 10
-70 32 32 32 32 32 32 32 32 32 32 32 32 32 -70 32 32 32 32 32 32 32 32 32 32 32 32 32 -70 10
-70 32 32 32 32 32 32 32 32 32 32 32 32 32 -70 32 32 32 32 32 32 32 32 32 32 32 32 32 -70 10
-52 -51 -51 -51 -51 -51 -51 -51 -51 -51 -51 -51 -51 -51 -50 -51 -51 -51 -51 -51 -51 -51 -51 -51 -51 -51 -51 -51 -71 10
-70 32 32 32 32 32 32 32 32 32 32 32 32 32 -70 32 32 32 32 32 32 32 32 32 32 32 32 32 -70 10
-70 32 32 32 32 32 32 32 32 32 32 32 32 32 -70 32 32 32 32 32 32 32 32 32 32 32 32 32 -70 10
-70 32 32 32 32 32 32 32 32 32 32 32 32 32 -70 32 32 32 32 32 32 32 32 32 32 32 32 32 -70 10
-70 32 32 32 32 32 32 32 32 32 32 32 32 32 -70 32 32 32 32 32 32 32 32 32 32 32 32 32 -70 10
-56 -51 -51 -51 -51 -51 -51 -51 -51 -51 -51 -51 -51 -51 -54 -51 -51 -51 -51 -51 -51 -51 -51 -51 -51 -51 -51 -51 -68 10
0
